D:\Python\DL\faster-rcnn-pytorch-master\VOCdevkit/VOC2007/JPEGImages/b0_3_0.jpg 2968,2430,2995,2451,0 2976,2414,2990,2426,0 2785,2502,2831,2527,0
D:\Python\DL\faster-rcnn-pytorch-master\VOCdevkit/VOC2007/JPEGImages/b10_0_1.jpg 3352,3656,3466,3765,0 3390,3775,3414,3801,0 3466,3700,3495,3728,0 3766,3198,3839,3253,0 3806,3247,3840,3274,1 3604,3394,3665,3469,1 3667,3400,3712,3464,1 3572,3492,3598,3519,1 3587,3457,3639,3508,3 3756,3549,3824,3627,0 3620,3736,3684,3826,0 3531,3771,3600,3833,0 3274,3926,3356,4043,1 3500,3850,3538,3886,0 3576,4011,3623,4079,1 3377,3959,3419,4010,2
D:\Python\DL\faster-rcnn-pytorch-master\VOCdevkit/VOC2007/JPEGImages/b10_0_2.jpg 2989,5,3097,95,1 3129,62,3202,112,1 3020,119,3130,223,1 3112,186,3188,247,0 3240,59,3289,112,1 3048,230,3088,283,1 3314,85,3376,151,1 3293,26,3354,100,1 3227,176,3317,240,1 3161,147,3243,198,1 3210,241,3252,294,0 3091,292,3144,336,1 3135,404,3187,478,1 2962,403,3039,458,1 2290,2290,2390,2373,0 2200,1984,2362,2084,1 2195,2044,2251,2119,0 2405,1988,2454,2084,1 2455,2033,2563,2155,1 2594,2084,2684,2188,1 2745,2129,2801,2201,0 2926,2143,3020,2240,0 2870,2191,2911,2235,0 2741,2212,2916,2375,1 2952,2256,3017,2331,1 3121,2303,3175,2427,1 3203,2383,3238,2428,1 3324,2131,3365,2196,0 3402,2603,3532,2755,1 3647,2632,3729,2722,1 3491,2750,3528,2787,0 3454,2785,3523,2828,0 3651,2890,3667,2926,0 3331,3179,3368,3234,2 3366,3158,3404,3225,0 3560,3128,3604,3195,0 3567,3205,3613,3281,0 3606,3132,3627,3192,0 3610,3210,3645,3276,0 3342,3334,3428,3400,0 3618,3466,3649,3507,0 3500,3577,3557,3670,2 3402,3628,3433,3659,2 3371,3734,3422,3871,1 1946,2484,2073,2607,1 2111,2648,2174,2692,0 1806,2606,1869,2678,0 1903,2771,1953,2825,0 2070,2826,2126,2897,1 1975,2793,2030,2856,1 1842,2827,1961,2899,1 1893,2891,2004,2952,1 2043,3091,2285,3189,1 1963,3102,2045,3211,1 1892,3165,1959,3252,1 1557,2873,1665,2950,1 1689,3140,1805,3198,0 1369,3231,1455,3315,0 1511,3381,1595,3468,0 1398,3429,1473,3518,0 1676,3466,1730,3508,1 1474,3518,1557,3610,1 1776,3513,1827,3569,1 1771,3576,1866,3680,1 1651,3558,1733,3620,1 1735,3832,1780,3883,1 1556,3812,1667,3911,1 1682,3866,1724,3958,1 1734,3897,1784,3963,1 1797,3842,1919,3936,1 1684,3966,1730,4023,1 1476,3923,1634,4036,1 1438,4006,1492,4088,1
D:\Python\DL\faster-rcnn-pytorch-master\VOCdevkit/VOC2007/JPEGImages/b10_0_3.jpg 1216,75,1279,178,1 1485,81,1552,136,1 1300,193,1390,260,1 1228,408,1286,452,1 1535,359,1598,418,0 1356,320,1382,355,0 1662,154,1735,232,0 1574,436,1605,478,0 1205,652,1329,754,0 1398,714,1514,813,1 1601,639,1672,704,0 1624,718,1690,778,0 1862,939,2002,1031,0 2385,4,2438,49,0 2449,92,2518,145,0 2715,272,2787,318,0 1418,1343,1489,1444,0
D:\Python\DL\faster-rcnn-pytorch-master\VOCdevkit/VOC2007/JPEGImages/b10_1_0.jpg 1935,41,1956,88,0 2028,14,2134,101,2
D:\Python\DL\faster-rcnn-pytorch-master\VOCdevkit/VOC2007/JPEGImages/b10_1_1.jpg 478,3654,510,3709,0
D:\Python\DL\faster-rcnn-pytorch-master\VOCdevkit/VOC2007/JPEGImages/b10_1_2.jpg 2561,418,2641,453,0 2653,409,2701,482,0 2590,501,2640,524,0 2885,293,2927,319,0 2996,444,3059,523,0 143,2603,208,2654,0 114,2991,142,3110,0
D:\Python\DL\faster-rcnn-pytorch-master\VOCdevkit/VOC2007/JPEGImages/b10_1_3.jpg 449,933,569,1060,0 555,883,644,972,0 777,5,853,120,0 812,23,858,83,0 704,30,767,86,3 512,911,622,1017,0
D:\Python\DL\faster-rcnn-pytorch-master\VOCdevkit/VOC2007/JPEGImages/b10_2_0.jpg 3289,2697,3363,2726,0 3322,2771,3362,2796,0 3269,2782,3292,2800,0 3050,1739,3184,1792,0 3004,1794,3042,1816,0 3238,1687,3280,1711,0 3628,1714,3681,1769,0
D:\Python\DL\faster-rcnn-pytorch-master\VOCdevkit/VOC2007/JPEGImages/b10_2_1.jpg 2528,3059,2708,3139,1 2622,3113,2666,3130,2 2570,3157,2587,3172,2 2860,3311,2992,3392,2 3003,3314,3043,3378,1
D:\Python\DL\faster-rcnn-pytorch-master\VOCdevkit/VOC2007/JPEGImages/b10_2_2.jpg 3136,3965,3272,4054,0 3008,3806,3114,3913,0
D:\Python\DL\faster-rcnn-pytorch-master\VOCdevkit/VOC2007/JPEGImages/b10_2_3.jpg 2887,208,3005,354,0 2557,397,2641,494,0 2614,349,2696,436,0 2506,447,2537,486,0 3296,308,3378,331,0 3298,338,3352,416,1 3392,356,3443,405,2 2931,363,2976,421,1 2939,295,3025,360,1 2810,304,2891,365,0
D:\Python\DL\faster-rcnn-pytorch-master\VOCdevkit/VOC2007/JPEGImages/b10_3_0.jpg 2178,1084,2217,1146,0 2248,1103,2265,1210,1 2122,1196,2170,1216,0
D:\Python\DL\faster-rcnn-pytorch-master\VOCdevkit/VOC2007/JPEGImages/b10_3_1.jpg 2312,3240,2421,3283,1 2344,3295,2420,3360,1 2442,3300,2487,3335,0 2452,3332,2539,3455,2 2498,3283,2565,3315,0 2710,3469,2814,3566,1 2845,3638,2935,3775,1 2944,3680,2982,3735,1 2880,3930,3001,4024,0
D:\Python\DL\faster-rcnn-pytorch-master\VOCdevkit/VOC2007/JPEGImages/b10_3_2.jpg 3237,54,3290,135,1 3252,187,3352,240,1 3354,83,3381,116,0 2352,3540,2434,3591,0 2351,3724,2429,3789,0 2418,3607,2507,3676,0 2414,3699,2507,3813,0 2318,3798,2396,3856,0 2305,3829,2364,3897,0 2411,3681,2458,3731,1 2509,3639,2547,3674,1 2511,3567,2550,3598,1
D:\Python\DL\faster-rcnn-pytorch-master\VOCdevkit/VOC2007/JPEGImages/b11_0_0.jpg 2429,3809,2468,3855,0 2388,3859,2466,3902,1 2366,3900,2448,3980,1 2316,3973,2374,4030,1 2405,3975,2452,4029,1 3192,3377,3262,3440,1 3146,3470,3186,3507,1 3107,3488,3133,3539,1 3292,3844,3383,3936,0 3535,3773,3623,3822,0 3555,3827,3601,3869,2 3372,3801,3473,3889,0 2930,4014,2990,4043,0 2996,4015,3081,4077,2 3210,4036,3298,4077,1 3320,4042,3357,4086,0 2634,3987,2689,4043,1
D:\Python\DL\faster-rcnn-pytorch-master\VOCdevkit/VOC2007/JPEGImages/b11_0_1.jpg 1783,122,1842,242,0 1890,124,1928,183,0 1983,139,2025,166,0 1040,1091,1076,1211,1 1039,1245,1146,1272,0 1168,1086,1197,1189,0 1211,1165,1309,1194,1 1684,1306,1771,1377,1 1672,815,1728,918,1 1622,1053,1674,1136,0 2021,781,2113,894,0 2201,765,2253,893,0 1778,1120,1857,1194,0 1775,1330,1857,1422,0 1794,1312,1869,1362,0 1677,1389,1763,1432,2 2053,1101,2188,1146,1 1954,1076,1996,1155,1 2389,949,2497,1065,1 2518,962,2587,1056,1 2663,978,2711,1091,0 2800,739,2836,826,0 2886,758,2905,823,0 3322,73,3410,163,1 3260,60,3312,121,1 3521,135,3611,211,1 3570,196,3653,297,2 3635,310,3685,376,1 3707,388,3783,497,1 3952,502,4091,725,2 3881,208,3933,288,0 3950,278,4016,343,0 2289,1368,2393,1415,0 2248,1424,2303,1520,1 2399,1399,2484,1456,1 2477,1443,2540,1497,1 2366,1486,2503,1701,0 2302,1557,2372,1659,1 2345,1484,2431,1553,2 2423,1668,2492,1705,1 2452,1587,2511,1623,1 242,3567,278,3760,0 288,3557,346,3598,0 367,3515,402,3597,0 740,3456,797,3644,0 793,3583,826,3656,0 992,3898,1041,3968,0 1595,3382,1668,3420,0 1674,3385,1702,3504,0 1303,3555,1350,3686,0 1194,3557,1242,3649,0 1256,3478,1316,3601,1 1696,3520,1784,3623,1 1778,3376,1810,3487,1 2246,2610,2338,2694,0 2385,2711,2449,2788,0 2466,2808,2569,2937,0 2544,2647,2637,2728,0 2679,2602,2732,2647,0 2508,2931,2577,2973,0 3010,1400,3075,1477,1 2955,1475,3020,1585,0 3056,1450,3114,1534,1 3003,1746,3078,1825,1 2988,1838,3076,1886,2 3112,1502,3186,1562,1 2945,1866,3079,1916,1 2906,1856,2941,1921,1 3155,1254,3208,1350,0 3398,1317,3467,1399,1 3679,1919,3722,1954,0 3905,1557,3983,1632,1 3950,1487,4025,1564,1 3800,1644,3846,1709,0 3754,1716,3829,1777,1 3955,1582,4054,1705,0
D:\Python\DL\faster-rcnn-pytorch-master\VOCdevkit/VOC2007/JPEGImages/b11_0_2.jpg 1469,201,1517,320,0 1486,335,1607,372,0 1667,244,1737,372,0 1740,243,1833,395,0 2316,682,2414,762,0 1957,2180,2009,2226,0 1857,2112,1928,2228,0 1869,1834,1965,1923,1 2450,1490,2477,1535,0 2288,1571,2342,1629,0 2330,1580,2382,1689,1 2353,1430,2414,1541,1 2334,1252,2418,1323,0 2441,1282,2498,1446,1 2510,1395,2550,1441,1 2365,1299,2404,1353,1 2141,681,2217,753,0 2185,650,2227,696,0 2216,659,2290,740,0 2265,713,2334,792,2 2367,870,2418,917,1 2442,869,2506,908,0 2444,919,2498,970,1 2369,922,2420,963,0 2193,783,2272,871,2 2263,847,2297,894,1 2352,747,2411,803,2 2383,824,2440,858,1
D:\Python\DL\faster-rcnn-pytorch-master\VOCdevkit/VOC2007/JPEGImages/b11_0_3.jpg 512,3711,544,3838,1 566,3733,683,3800,0 647,3800,703,3831,0 571,3969,631,4085,0 3315,3619,3365,3662,0 3305,3687,3340,3751,0 3253,3923,3298,4034,0 2333,2767,2406,2884,0 2413,2829,2477,2913,0 2494,2836,2569,2944,0 2573,2693,2643,2787,0 3856,2961,3922,3082,0 3493,2253,3663,2333,0 3389,2232,3465,2356,0 3273,2862,3353,2975,0 3354,2679,3433,2744,0 3725,1408,3782,1479,0 2579,2066,2650,2143,1 2559,2039,2611,2098,1 2761,1923,2821,1985,0 2370,1524,2426,1578,0 2522,1656,2561,1692,1 2734,1614,2776,1675,0 2597,1905,2650,1969,0 2707,1818,2757,1859,0 2630,1667,2660,1700,0 2682,1627,2706,1657,0 2602,1552,2690,1654,1 2576,1686,2606,1709,1 2539,1714,2570,1740,0 2899,1827,2972,1869,2 2897,1896,2951,1955,2 2927,1600,2981,1639,1
D:\Python\DL\faster-rcnn-pytorch-master\VOCdevkit/VOC2007/JPEGImages/b11_1_0.jpg 266,3770,428,3854,1 694,2954,791,3077,0 1436,3029,1477,3110,0 1404,2410,1458,2494,0 1839,2631,1947,2675,0 1470,2517,1533,2613,0 1928,3055,2026,3113,0 2279,3264,2329,3295,0 2266,3331,2293,3377,0 2079,3019,2107,3089,1 1945,3185,2013,3214,1 2343,2842,2410,2945,1 2385,3794,2496,3862,0 2208,3832,2352,4090,1 2420,3876,2571,3956,1 2731,3936,2803,4028,1 2532,3949,2606,4023,1 2972,3728,3130,3872,1 2990,3470,3100,3682,1 2329,3290,2394,3334,1 3388,3422,3460,3523,0 3947,3494,4009,3610,1 3795,3528,3880,3675,1 3825,3399,3874,3455,0
D:\Python\DL\faster-rcnn-pytorch-master\VOCdevkit/VOC2007/JPEGImages/b11_1_1.jpg 413,647,472,815,0 0,448,113,608,1 66,225,116,336,1 345,381,524,454,1 341,283,434,351,1 620,378,709,467,2 761,324,790,391,1 903,277,983,319,1 1009,243,1119,302,0 1528,402,1606,545,0 1232,238,1261,351,1 1125,245,1201,277,1 3709,554,3770,628,1 3959,338,4093,495,0
D:\Python\DL\faster-rcnn-pytorch-master\VOCdevkit/VOC2007/JPEGImages/b11_1_2.jpg 1441,3107,1540,3224,0 1296,3127,1327,3166,0 1358,3150,1383,3189,0 1494,3225,1555,3266,0
D:\Python\DL\faster-rcnn-pytorch-master\VOCdevkit/VOC2007/JPEGImages/b11_2_1.jpg 2301,2400,2370,2474,0 1932,3312,1995,3419,0 2119,2906,2178,2988,0
D:\Python\DL\faster-rcnn-pytorch-master\VOCdevkit/VOC2007/JPEGImages/b11_2_2.jpg 3766,140,3797,227,0 3806,192,3869,220,1 3125,500,3166,538,1 3062,577,3125,760,0 3034,764,3080,830,0 2985,863,3015,906,0 1966,428,2028,466,0 1973,591,2011,617,0 2407,583,2461,649,0 2595,529,2629,667,0 2397,725,2422,805,0 2357,914,2385,1020,0 487,1384,515,1418,0 578,1362,615,1417,0 661,2196,706,2317,1 800,2505,823,2548,0 660,2705,778,2896,0 764,2758,814,2795,0 792,2560,818,2631,0 1013,1944,1042,2040,1 1381,2081,1422,2162,1 1617,2237,1676,2330,0 1455,2203,1488,2255,0 1529,2510,1620,2630,0 1120,2748,1197,2857,0 1266,2799,1318,2844,0 1506,2952,1541,3028,0 1364,3212,1443,3290,0 969,3541,1043,3648,1 1458,3589,1522,3641,0 1398,3855,1428,3891,1 1335,3897,1408,3996,0 2214,2340,2249,2422,0 2040,2411,2075,2474,1 2006,2461,2039,2553,1 2222,2230,2252,2302,1 2325,2303,2370,2320,1 2092,2533,2117,2603,1 2151,2591,2193,2655,1 2136,2359,2168,2405,0 2091,2352,2127,2382,0
D:\Python\DL\faster-rcnn-pytorch-master\VOCdevkit/VOC2007/JPEGImages/b11_2_3.jpg 540,522,647,703,0 284,921,336,1070,0 2354,1804,2396,1915,0 2488,1780,2522,1825,0 2177,2191,2315,2288,0 2656,2398,2741,2444,0 2076,2703,2165,2782,0 1744,3093,1786,3148,0 1743,3170,1777,3352,0 2746,2652,2810,2740,0 2761,2823,2790,2879,0 3513,2354,3546,2413,0 3557,2349,3588,2381,0 3543,2446,3592,2512,0 3599,2445,3692,2505,1 3649,2494,3750,2533,1 3572,2524,3612,2583,1 3608,2603,3637,2624,0 3679,2578,3748,2679,0
D:\Python\DL\faster-rcnn-pytorch-master\VOCdevkit/VOC2007/JPEGImages/b11_3_0.jpg 634,7,737,131,0 20,766,53,806,0 39,701,100,749,1 209,704,243,729,1 61,753,117,804,3
D:\Python\DL\faster-rcnn-pytorch-master\VOCdevkit/VOC2007/JPEGImages/b11_3_1.jpg 1211,1947,1311,2061,1 1094,3001,1257,3186,0 2460,1652,2483,1738,0 3332,1942,3360,2014,0 3460,2064,3532,2130,0 3724,3801,3804,3845,1 3533,3329,3569,3372,0 3708,3854,3757,3924,0 3870,3111,3952,3255,0 3801,3160,3822,3198,0
D:\Python\DL\faster-rcnn-pytorch-master\VOCdevkit/VOC2007/JPEGImages/b12_0_1.jpg 1035,518,1073,589,0 1133,363,1181,422,0 1209,334,1251,411,0 1172,311,1199,331,0 1173,215,1207,289,0 1211,220,1268,288,3 1268,266,1317,348,1 1225,537,1309,596,1 1416,400,1463,477,1 1251,404,1333,427,1 1151,476,1281,527,1 1237,448,1308,481,1 1163,585,1263,685,1 326,1002,474,1173,0 366,1196,438,1280,0 452,1220,508,1269,0 515,1113,552,1150,0 650,1369,700,1400,0 525,1171,565,1213,0 2986,3961,3015,4049,0 16,3261,60,3369,0 60,3204,106,3238,0 728,2842,781,2892,3 732,2933,747,2952,0 607,3010,630,3034,0 639,3042,663,3057,0 719,2996,747,3042,0 750,2997,804,3011,1 811,2869,834,2962,1 428,1945,520,2209,1 347,2215,387,2261,0 634,1970,663,2058,1 697,2052,736,2076,0 505,2095,569,2121,0 503,2189,589,2204,0 433,2316,458,2571,1 395,2599,423,2679,0 465,2659,538,2702,1 457,2230,488,2311,0 488,2303,537,2323,0 590,2300,605,2326,0 142,3640,166,3652,0
D:\Python\DL\faster-rcnn-pytorch-master\VOCdevkit/VOC2007/JPEGImages/b12_0_2.jpg 1437,1623,1477,1655,0 2249,1970,2279,2036,0 2191,2090,2229,2118,1 2646,2227,2695,2260,0 2328,1918,2409,1942,0 2414,2007,2429,2055,0 3802,1840,3828,1879,0 2295,1310,2330,1425,0 1217,1098,1246,1117,0 1244,1153,1266,1179,0 1377,1188,1403,1204,0 2388,2464,2472,2510,0 2850,2418,2887,2486,0 2057,3386,2089,3467,0 2519,3151,2565,3221,0 2271,3261,2351,3301,1 2202,3405,2240,3470,0 3063,3537,3106,3615,0 3134,3079,3189,3225,0 3171,3206,3217,3231,0 3236,3210,3296,3237,1 2951,3206,3036,3234,1
D:\Python\DL\faster-rcnn-pytorch-master\VOCdevkit/VOC2007/JPEGImages/b12_1_0.jpg 1028,687,1092,753,0 1194,693,1225,741,0 1061,780,1128,826,0
D:\Python\DL\faster-rcnn-pytorch-master\VOCdevkit/VOC2007/JPEGImages/b12_1_1.jpg 2890,1144,2915,1243,0 2990,1187,3008,1214,0
D:\Python\DL\faster-rcnn-pytorch-master\VOCdevkit/VOC2007/JPEGImages/b12_1_2.jpg 2192,946,2263,1003,0 2311,725,2350,771,0 2103,907,2139,929,0 1823,1197,1901,1233,1 1728,1108,1755,1133,1 1717,1147,1736,1167,0 1299,1395,1322,1423,0 1444,1413,1497,1473,0 1423,1460,1544,1542,2 1367,1547,1403,1592,0 846,2207,903,2266,0 904,2120,952,2167,0 931,2226,989,2302,0 897,2285,916,2304,0 849,2296,904,2349,1 908,2329,932,2359,0 2278,3708,2370,3848,0 2498,3745,2520,3767,0 2701,3979,2737,4037,0 3159,3823,3212,3875,0 3271,3837,3343,3865,0 2833,3915,2846,3949,0 2841,3983,2870,4052,0 3883,3617,3913,3708,0 3791,3604,3820,3660,1 3825,3664,3881,3719,1 3541,3984,3559,4069,1 3243,2941,3316,3034,0 3419,2916,3445,2940,0 2482,3018,2564,3100,0 2568,3113,2606,3144,0
D:\Python\DL\faster-rcnn-pytorch-master\VOCdevkit/VOC2007/JPEGImages/b12_2_0.jpg 1907,3792,1985,3848,0 1933,3735,1959,3755,0 1959,3783,1971,3799,0 3676,3447,3725,3527,0 3748,3579,3802,3659,0 3802,3505,3837,3576,0 3775,3510,3815,3566,0 3865,3569,3886,3599,0 3764,3679,3792,3729,0 3616,3720,3669,3771,0 3716,3766,3756,3792,1 3766,3785,3819,3812,1 2806,3510,2841,3554,1 2793,3573,2839,3605,1 2986,3229,3023,3292,0 2984,3315,3004,3340,0 2163,1132,2238,1199,0 2282,1139,2322,1178,0 2297,1079,2349,1121,0 3404,492,3431,526,1 3375,507,3443,563,1 3546,522,3585,554,1 3739,1271,3802,1353,1 3800,1300,3891,1378,1 3779,1359,3851,1426,1
D:\Python\DL\faster-rcnn-pytorch-master\VOCdevkit/VOC2007/JPEGImages/b12_2_1.jpg 3866,239,3888,338,2 3762,232,3800,286,1 3712,429,3751,605,0 3800,391,3870,429,0 3872,478,3893,512,0 3843,570,3862,630,0 3688,1075,3734,1166,0 3909,808,4047,885,0 3894,883,3990,1024,1 3685,966,3725,1056,0 3795,985,3824,1030,0 3887,1061,3923,1092,0 4003,1062,4045,1110,0 3706,1177,3737,1225,0 3715,1254,3748,1276,0 3747,1125,3787,1187,1 130,2487,231,2593,0 453,2838,544,2937,0 504,2771,555,2822,0 287,2674,321,2715,0 1515,3644,1540,3702,0 1488,3719,1518,3780,0 1543,3707,1571,3725,0 1505,3780,1527,3815,0 1577,3804,1618,3832,0 1536,3613,1585,3644,2 1123,1931,1189,2011,0 1176,1894,1204,1929,1 1321,1840,1353,1877,0 1272,1918,1318,1960,0 1063,1788,1150,1848,0 1229,1837,1262,1867,0 1081,1199,1148,1267,0 1194,1213,1229,1251,0 1749,735,1801,771,0 1806,683,1906,751,0 1788,816,1811,837,0 1718,934,1762,981,0 1981,977,2027,1016,0 1867,983,1916,1046,0 1940,1058,1972,1098,0 2196,849,2246,898,0 2299,812,2321,833,0 1999,598,2022,621,0 1901,616,2001,693,0 2345,398,2392,454,0 2142,469,2206,558,0 2340,564,2370,587,0 2280,393,2340,455,0 2296,1062,2319,1093,0 2160,2570,2274,2633,1 2178,2640,2199,2655,0 2229,2709,2256,2751,0 2183,2789,2219,2839,0 2204,2837,2253,2871,0 2216,2668,2241,2695,0 2268,2424,2310,2452,0 2526,2267,2560,2321,0 2610,2342,2633,2362,0 2178,2452,2206,2473,0 1702,2201,1752,2241,0 1633,2234,1670,2303,0 1536,2242,1584,2275,0 1623,2332,1693,2374,0 1596,2615,1696,2839,0 2874,2680,2944,2710,0 2806,2741,2847,2807,0 2788,2819,2816,2856,0 2707,2876,2799,2998,0 2894,2728,2921,2819,0 2966,2735,3009,2779,0 2762,2564,2789,2596,1 2729,2591,2756,2618,1 2929,2608,2944,2655,0
D:\Python\DL\faster-rcnn-pytorch-master\VOCdevkit/VOC2007/JPEGImages/b12_2_2.jpg 1294,796,1326,829,0 1286,834,1305,894,1 1325,888,1366,898,1 1244,2303,1302,2336,0 1183,2307,1234,2334,0 1331,2184,1350,2219,0 1303,3738,1439,3846,0 1457,3765,1507,3851,0 1269,3928,1319,3954,0 1542,3824,1715,3907,1 1534,3919,1590,3957,0 1273,3976,1296,4012,0 58,2300,142,2397,0 137,2408,200,2480,0 290,2400,377,2505,1 208,2411,265,2451,1
D:\Python\DL\faster-rcnn-pytorch-master\VOCdevkit/VOC2007/JPEGImages/b12_3_1.jpg 2128,8,2222,49,0 2053,666,2207,701,0 1916,643,1958,686,0
D:\Python\DL\faster-rcnn-pytorch-master\VOCdevkit/VOC2007/JPEGImages/b13_0_0.jpg 537,602,592,688,0 690,623,720,641,0 700,656,718,693,0 558,701,588,722,0 634,704,666,741,0 383,958,437,977,0 295,961,320,977,0 283,1006,434,1050,0 228,1075,250,1116,0 230,1267,277,1302,0 169,1283,217,1427,0 251,1445,320,1497,0 145,1517,191,1559,0 255,1588,285,1630,0 262,1303,316,1337,0 137,1564,161,1607,0 758,1467,779,1500,0 741,1527,780,1608,0 725,1649,840,1802,0 1386,1032,1419,1123,0 1302,1187,1324,1224,0 1489,1041,1521,1070,0 1466,1151,1512,1195,0 1324,1237,1370,1287,3 1456,1306,1474,1344,0 1487,1358,1597,1424,0 1254,1471,1293,1509,0 1382,1418,1577,1464,0 1416,1535,1577,1587,0 1270,1604,1350,1655,0 1413,1636,1617,1720,0 1232,1756,1268,1858,0 1329,2320,1359,2493,0 1448,2059,1587,2104,0 944,2167,1009,2347,0 1052,2097,1104,2122,0 1425,1821,1533,1890,0 1509,1747,1650,1793,0 1627,1812,1656,1862,0 1532,1851,1612,1917,0 1414,2231,1482,2254,0 1327,1794,1420,1855,0 1151,1933,1166,1970,0 732,1893,754,1940,0 3058,1484,3092,1562,0 3178,1585,3221,1623,0 3094,1674,3146,1713,0 3137,1638,3161,1681,0 3105,1591,3141,1625,2 3202,1675,3227,1706,0 3145,1700,3205,1741,0 3141,1604,3174,1628,0 3151,1791,3197,1838,0 3056,1784,3074,1797,0 3717,1476,3769,1574,1 3780,1489,3818,1548,1 3769,1567,3793,1587,0 3840,1548,3876,1610,2 3524,1879,3645,1929,0 3501,1725,3532,1811,0 3538,1766,3559,1794,0 3510,1823,3549,1870,1 3607,1794,3632,1818,1 3651,1749,3689,1782,3
D:\Python\DL\faster-rcnn-pytorch-master\VOCdevkit/VOC2007/JPEGImages/b13_0_1.jpg 2500,1587,2549,1646,0 2529,1653,2565,1687,0 2560,1641,2601,1675,0 2623,1560,2656,1604,0 2041,1352,2121,1419,0 2102,1291,2129,1315,0 2127,1294,2207,1389,0 2026,1375,2060,1412,0 2191,1319,2227,1358,0 2144,1432,2190,1474,0 2241,1350,2294,1410,0 2203,1250,2244,1299,0 2286,1192,2311,1219,0 2308,1214,2362,1260,0 2225,1291,2294,1339,0 2347,1257,2375,1287,0 2329,1403,2375,1445,0 2419,1291,2487,1318,1 2389,1161,2540,1194,1 2392,1208,2458,1291,1 2480,1202,2628,1287,0 2488,1286,2567,1346,1 2468,1336,2561,1387,1 2502,1394,2555,1427,3 2498,1455,2572,1522,1 2544,1168,2627,1208,0 2388,1100,2536,1157,1 2394,917,2499,985,0 2499,941,2572,980,0 2565,945,2655,973,0 2452,855,2499,904,1 2559,830,2601,871,1 2502,854,2543,905,1 2620,827,2652,874,1 2516,733,2577,817,1 2589,727,2652,783,2 2586,788,2752,815,0 2205,725,2258,775,0 2717,869,2750,893,0 2286,706,2352,757,0 2351,732,2463,759,0 2557,607,2672,643,0 2179,832,2219,888,0 2219,799,2259,880,0 2497,584,2555,617,0 2514,333,2586,386,0 2590,286,2675,383,1 2519,187,2561,208,2 2513,254,2574,278,1 2606,188,2643,226,1 2655,238,2677,265,0 2616,254,2646,272,0 2600,402,2618,444,0 2513,522,2574,555,0 2619,517,2641,545,0 2650,547,2666,565,0
D:\Python\DL\faster-rcnn-pytorch-master\VOCdevkit/VOC2007/JPEGImages/b13_1_0.jpg 2414,2831,2438,2851,0
D:\Python\DL\faster-rcnn-pytorch-master\VOCdevkit/VOC2007/JPEGImages/b13_1_2.jpg 414,367,435,393,0 436,400,471,450,0 683,370,705,389,0
D:\Python\DL\faster-rcnn-pytorch-master\VOCdevkit/VOC2007/JPEGImages/b14_0_2.jpg 522,667,545,704,0 603,700,621,720,0 236,1216,270,1252,0 221,1276,258,1316,1 323,1174,383,1229,1 260,1231,315,1297,0 327,1240,350,1259,0
D:\Python\DL\faster-rcnn-pytorch-master\VOCdevkit/VOC2007/JPEGImages/b1_2_0.jpg 3576,2899,3652,2967,0 3524,3004,3571,3052,0 3555,3098,3590,3135,0 3919,3103,3994,3135,0 3904,3148,3991,3191,0 3854,3084,3908,3165,0 3793,3200,3878,3258,0 4021,3111,4089,3249,0 3217,3859,3334,3980,0 3542,3657,3598,3723,0 3471,3662,3538,3719,1 3466,3572,3554,3678,0 3336,3970,3440,4034,1
D:\Python\DL\faster-rcnn-pytorch-master\VOCdevkit/VOC2007/JPEGImages/b1_2_1.jpg 2890,3100,2960,3210,0 1635,1857,1705,1945,0 1997,2115,2127,2235,0 2349,3876,2385,3921,0 2103,4016,2196,4092,0 3088,3616,3134,3721,0 2965,3170,3064,3213,0 1604,1593,1670,1704,1 1799,1433,1872,1463,1 1547,1589,1614,1676,1 1655,1789,1745,1892,1
D:\Python\DL\faster-rcnn-pytorch-master\VOCdevkit/VOC2007/JPEGImages/b22_0_0.jpg 114,108,247,149,0 147,189,180,238,0 231,223,262,271,0 374,103,400,140,0 442,382,483,466,0 514,411,562,456,0 367,584,416,616,0 574,676,664,726,0 484,975,559,1032,0 656,503,687,557,0 769,567,800,597,0 675,602,702,665,0 584,620,608,670,0 696,698,726,762,0 748,817,804,846,0 592,838,629,878,0 619,1433,682,1477,1 580,1537,642,1577,0 917,1483,986,1525,0 922,1216,969,1243,0 883,1338,938,1366,0 1004,1366,1122,1414,0 1040,1620,1124,1652,0 1019,1486,1089,1561,0 1006,1604,1038,1656,0 351,1997,402,2033,0 119,2179,223,2225,0 1040,1956,1070,1994,0 304,2148,337,2180,0 244,2384,303,2409,0 610,2462,705,2502,0 462,2393,504,2476,1 187,2489,296,2528,0 368,2452,454,2504,0 825,2584,862,2645,0 31,2788,90,2900,0 629,2638,720,2668,0 514,2857,596,2894,0 801,2388,854,2428,1 1197,2785,1297,2817,0 1065,2937,1087,3009,0 762,3161,823,3205,0 3,3148,150,3270,0 739,3515,876,3552,0 953,3639,1076,3686,0 860,3578,935,3613,0 997,3842,1063,3876,0 982,3920,1047,3956,1 1609,18,1665,129,0 1739,117,1764,138,1 1695,136,1733,153,0 1383,291,1423,319,0 2071,333,2091,359,0 1901,662,2000,733,0 1909,739,1940,787,0 1901,784,1988,812,0 1937,808,1958,842,2 1945,845,1979,863,0 2023,650,2045,683,0 2193,614,2241,663,0 2112,528,2145,569,0 1928,999,1959,1072,0 1998,1000,2017,1037,0 1959,1151,1998,1217,0 2168,1149,2254,1214,1 1996,1183,2052,1231,1 1755,2923,1902,2987,1 1767,3034,1851,3077,1 1927,2733,1981,2815,1 1919,2848,1970,2863,0 1928,2653,2060,2712,0 2020,2533,2062,2562,2 2195,2487,2240,2525,0 2323,2426,2356,2457,0 2261,2533,2320,2618,2 2176,3275,2274,3362,0 2190,3368,2225,3426,0 1962,3475,2016,3563,1 1867,3576,1961,3728,0 2130,3501,2173,3562,0 2025,3838,2063,3918,0 2225,3830,2306,3911,0 2118,3854,2142,3925,0 2084,3797,2179,3833,1 2162,3912,2200,3951,1 1984,3930,2080,4025,0 2278,3933,2342,3987,1 1965,4025,2058,4094,0 1909,3717,1936,3749,0 2253,1841,2269,1866,0 2234,1498,2256,1536,0 2256,1433,2295,1497,1 2323,1448,2371,1466,0 2369,84,2411,159,0 2635,37,2720,86,0 2388,169,2435,210,0 2766,450,2783,470,0 2687,392,2729,430,1 2606,735,2650,778,1 2568,789,2618,846,0 2585,856,2658,907,0 2480,1000,2516,1054,0 2332,1685,2370,1708,0 2319,1797,2348,1814,0 2401,935,2430,984,0 3745,16,3806,67,0 3755,33,3823,106,0 3728,91,3762,115,0 3766,189,3823,231,0 3420,575,3485,666,0 3379,597,3421,631,0 3543,589,3574,631,0 3460,537,3517,571,2 3378,793,3416,864,0 3353,891,3393,953,0 3579,844,3657,923,0 3358,953,3466,1036,0 3361,1036,3432,1067,0 3445,1034,3512,1080,0 3241,1059,3311,1104,0 3730,914,3826,1002,0 3581,1029,3692,1090,0 3372,1129,3450,1214,0 3491,1115,3593,1240,0 3545,1124,3634,1191,0 3734,1088,3853,1158,0 3711,1123,3744,1186,0 3770,1189,3818,1227,2 3486,1292,3527,1344,0 3335,1211,3374,1254,0 3513,1397,3592,1464,0 3294,1737,3335,1796,0 3769,831,3877,962,0 2851,3729,2953,3765,0 2871,3676,2900,3720,0 2925,3828,2982,3867,1 2976,3730,2995,3745,1 2550,2867,2640,2926,1 2466,2896,2516,2958,1 2771,2673,2898,2734,1 2747,2679,2768,2703,0 2896,2776,2996,2847,1 2909,2890,2971,2937,0 3062,2969,3134,3044,0 3258,2868,3314,2938,2 3229,2944,3292,2989,0 3321,3098,3395,3161,1 3420,3046,3465,3075,1 3510,3165,3548,3202,0 3246,3186,3288,3262,0 3262,2311,3351,2365,0 3334,2431,3390,2465,0 3403,2468,3449,2538,0 3229,2443,3252,2462,0 3028,2489,3079,2553,0 3003,2575,3069,2615,0 3086,2589,3119,2637,0
D:\Python\DL\faster-rcnn-pytorch-master\VOCdevkit/VOC2007/JPEGImages/b22_0_1.jpg 209,106,236,181,0 81,266,121,333,0 312,206,342,268,0 377,197,426,229,0 247,97,308,154,0 202,188,263,203,1 644,66,686,165,1 777,34,875,87,1 763,189,784,250,1 178,655,212,783,0 320,597,352,660,0 989,253,1032,413,0 1006,421,1032,518,0 1037,711,1091,766,0 15,846,67,903,0 226,793,313,830,1 710,1231,767,1295,0 618,1393,687,1505,0 44,981,140,1209,0 52,1222,95,1294,0 710,1727,814,1832,0 33,1877,108,1921,0 166,2031,236,2063,0 408,2055,445,2093,0 55,2316,97,2393,0 548,2232,593,2279,0 478,2341,536,2405,0 428,2468,468,2517,0 1266,3959,1343,4004,0 2324,3938,2379,3992,0 1799,2559,1888,2686,0 1958,2612,2022,2698,0 2054,2581,2099,2643,0 2116,2501,2148,2565,0 1899,2688,1974,2774,0 1847,2807,1888,2855,0 1864,2783,1919,2818,0 2013,2732,2070,2800,0 1998,2786,2046,2848,0 2134,2700,2165,2761,0 2110,2765,2147,2826,3 2079,2325,2125,2375,0 2088,2397,2119,2440,0 2000,41,2043,119,0 1729,398,1838,448,1 1671,455,1715,495,0 1872,632,1928,669,0 2100,315,2150,416,1 1948,195,1977,275,0 2079,216,2114,247,0 1799,482,1839,510,0 2147,1317,2252,1382,0 2129,1352,2156,1391,0 1993,1649,2053,1692,0 1564,1864,1636,1952,0 1976,1869,2002,1914,0 3074,732,3134,820,0 3014,698,3058,751,0 2718,755,2788,840,0 2946,978,3036,1093,0 2929,878,2988,945,0 2831,1098,2951,1262,0 2786,1243,2827,1288,0 3041,953,3090,1015,0 2978,1103,3032,1143,0 2983,1146,3047,1190,0 3152,1015,3176,1036,0 3097,1026,3117,1042,0 3085,1104,3105,1132,0 3044,1145,3107,1188,0 2908,451,2988,501,0 2650,588,2716,649,0 3457,306,3505,351,0 3500,599,3590,634,0 3158,3585,3220,3635,0 3708,3902,3795,3988,0 3193,3764,3251,3838,0 3701,3077,3734,3122,0
D:\Python\DL\faster-rcnn-pytorch-master\VOCdevkit/VOC2007/JPEGImages/b22_0_3.jpg 1317,370,1348,441,0 2618,39,2640,79,1 2618,89,2654,160,0 2698,159,2727,179,0
D:\Python\DL\faster-rcnn-pytorch-master\VOCdevkit/VOC2007/JPEGImages/b24_3_1.jpg 2408,2545,2509,2587,0 2278,2605,2400,2726,0 1955,2487,2027,2531,0 2593,2616,2625,2656,0 2949,3078,3031,3112,0 3027,3065,3070,3089,0 2935,3148,2985,3173,0 2922,3183,2975,3212,0 3816,3161,3884,3204,0 2975,2035,3041,2076,0 3810,2015,3844,2048,0 3888,2002,3929,2101,1
D:\Python\DL\faster-rcnn-pytorch-master\VOCdevkit/VOC2007/JPEGImages/b25_0_1.jpg 1633,3348,1681,3456,0 1599,3469,1682,3562,0 1761,3364,1805,3471,0 1815,3370,1854,3472,0 1871,3361,1915,3479,1 2166,3312,2230,3412,0 2251,3376,2310,3487,0 1788,3541,1866,3572,0 1748,3566,1792,3609,0 1917,3555,1934,3605,1 1971,3544,2023,3615,1 2098,3558,2129,3653,1 2054,3636,2110,3666,0 2179,3543,2221,3608,0 2235,3551,2275,3611,1 2496,3689,2548,3758,1 2373,3482,2538,3503,1 2304,3564,2402,3638,0 2243,3617,2296,3656,0 3560,4013,3624,4055,1 3712,4027,3792,4095,0
D:\Python\DL\faster-rcnn-pytorch-master\VOCdevkit/VOC2007/JPEGImages/b25_0_3.jpg 1,2574,60,2663,0 23,2500,156,2587,1 113,2568,198,2657,1 129,2672,162,2719,0 298,2371,386,2466,0 376,2430,440,2471,0 435,2455,459,2481,2 444,2480,493,2528,0 311,2202,345,2236,0 347,2257,439,2315,0 93,1895,170,1990,0 74,1879,150,1973,2 158,1915,199,1950,0 163,1956,206,2010,0 184,1976,252,2046,0 124,2040,176,2089,1 238,2090,295,2131,0 177,2028,219,2069,1 161,2084,182,2105,1 361,1983,407,2015,1 424,1986,469,2030,0 389,2052,410,2077,1 374,2019,397,2044,3 349,1750,386,1781,0 318,1792,348,1818,0 214,1787,288,1831,0 229,1777,259,1801,3 183,1761,210,1804,1 223,1733,258,1771,1 0,1744,59,1804,0 1061,1587,1181,1651,0 700,1698,790,1769,0 665,1569,710,1623,0 687,1628,728,1662,0 209,1407,265,1476,0 162,1481,208,1513,0 263,1432,297,1491,1 246,1518,309,1571,0 308,1420,341,1457,1 318,1515,361,1551,0 350,1563,402,1618,0 324,1470,346,1494,0 122,1271,185,1306,0 78,1351,106,1395,0 146,1291,195,1324,0 148,1309,216,1349,1 106,1347,161,1391,1 200,1253,242,1295,0 122,1373,204,1427,1 165,1408,200,1447,1 608,456,632,481,0 584,492,680,608,0 502,395,524,421,1 555,736,634,806,0 551,798,601,854,0 398,640,479,731,0 322,705,414,773,0 337,652,382,707,0 317,638,344,672,0 378,615,420,648,0 159,981,271,1042,0 314,994,382,1040,0 297,1038,374,1130,0 370,1036,415,1081,1 420,1032,457,1063,0 368,1100,410,1140,0 651,1159,724,1230,1 515,1032,614,1122,1 613,1090,674,1149,0 550,1130,569,1152,0 612,1228,701,1323,0 608,1158,632,1185,0 542,1382,606,1469,0 915,1448,985,1488,2 1037,1364,1077,1397,0 1074,1322,1175,1435,0 1000,1317,1058,1361,1 808,1390,861,1442,0 731,1287,777,1330,1 712,1402,802,1463,0 596,1454,650,1487,0
D:\Python\DL\faster-rcnn-pytorch-master\VOCdevkit/VOC2007/JPEGImages/b25_1_1.jpg 999,1965,1062,2061,0 1128,1747,1292,1915,0 884,2053,1010,2166,1 1064,1953,1105,2007,0 826,2188,866,2222,0 1523,1087,1561,1121,0 1451,1205,1488,1242,0 1569,1046,1635,1145,0 1684,1002,1728,1041,0 1689,1044,1719,1070,0 1633,1011,1660,1041,0 1700,966,1753,1014,0 1797,561,1899,590,1 1931,597,1976,648,1 1799,286,1853,341,0 1738,315,1789,374,0 1765,384,1830,433,0 1907,393,1999,437,0 1843,420,1910,511,0 2156,182,2210,237,0 2161,264,2192,327,0 2089,402,2128,489,1 3448,929,3502,972,0 3350,901,3387,934,0 1471,2559,1607,2634,0 1397,2522,1456,2594,0 1785,2452,1850,2513,0 1855,2409,1917,2490,0 1722,2333,1833,2418,0 2037,2688,2132,2799,1 1936,2600,2041,2703,1 2472,2314,2526,2366,0 2671,2114,2737,2157,0 3017,3419,3056,3453,0 2988,3007,3038,3053,0 3102,2906,3230,2982,0 3117,3084,3175,3144,0 2709,2323,2757,2360,0 2768,2269,2857,2331,0 2525,2161,2628,2286,0 2589,2103,2642,2155,0 2630,2216,2681,2264,0 2250,1787,2299,1835,0 2035,1909,2084,1953,0 2609,1812,2696,1886,0 2573,1843,2634,1892,0 2378,1471,2497,1548,1 2425,1371,2480,1426,0 2457,1301,2522,1354,0 2516,1421,2583,1468,0 2757,1332,2828,1400,0 2673,1429,2731,1480,0 2790,1197,2831,1231,0 2800,1153,2829,1188,0 3176,868,3233,963,0 3436,1011,3492,1063,0
D:\Python\DL\faster-rcnn-pytorch-master\VOCdevkit/VOC2007/JPEGImages/b25_1_2.jpg 132,3335,172,3391,0 161,3235,266,3339,0 38,2902,115,2972,0 97,827,181,920,0 0,891,69,918,0 11,1000,141,1078,1 244,999,312,1112,0 89,1122,148,1181,0 20,1216,68,1262,0 247,1370,313,1431,0 219,1635,264,1684,0 418,1373,468,1424,0 606,1345,654,1392,0 699,1350,767,1426,0 865,1277,956,1371,0 458,1560,580,1643,0 926,1599,1012,1681,0 1212,1668,1292,1752,0 955,1051,1050,1145,0 1068,1126,1128,1197,0 668,960,754,1028,0 658,889,717,944,0 368,479,448,557,0 439,249,513,313,0 284,212,378,267,0 432,106,504,180,0 512,86,566,157,0
D:\Python\DL\faster-rcnn-pytorch-master\VOCdevkit/VOC2007/JPEGImages/b25_2_0.jpg 1543,3768,1640,3885,0 2782,3441,2832,3505,1 2825,3426,2881,3498,0 2839,3492,2896,3530,0 2950,3481,2966,3505,0 2843,3530,2912,3567,0 2829,3574,2878,3630,0 3067,3560,3107,3605,0 2874,3606,2938,3647,0 2975,3607,3006,3647,0 2910,3692,3012,3752,0 3416,3609,3481,3670,0 2460,3082,2496,3132,0 2380,3001,2406,3046,1 2451,2980,2483,3003,0 2410,3007,2455,3039,0 2588,2903,2650,2940,0 2560,2898,2586,2911,0 2501,2960,2557,2988,1 2646,2938,2708,2994,0 2573,2953,2637,2972,0 2590,3062,2660,3103,0 2651,2990,2688,3028,0 2525,3120,2584,3158,0 2476,3192,2502,3232,0 2413,3236,2432,3257,1 2507,3150,2594,3275,1 2630,3108,2651,3137,0 2583,3138,2631,3178,0 2711,2836,2788,2917,1 2661,2888,2730,2959,2 3306,2851,3349,2870,0 3293,2904,3341,2929,0 3563,2967,3649,3074,2 3590,2935,3619,2953,0 3512,3045,3550,3081,0 3658,2968,3689,2999,0 3628,3041,3649,3087,0 3653,3083,3679,3097,0 3609,3084,3658,3135,1 3602,3134,3689,3180,1 3695,3148,3743,3185,0 3540,3148,3589,3197,1 3534,3203,3583,3227,0 3587,3202,3645,3285,2 3554,3231,3585,3303,0 3524,3256,3540,3271,0 2763,2544,2822,2622,0 2834,2572,2893,2612,1 2689,2538,2737,2576,1 2661,2593,2679,2617,0 2785,2472,2850,2543,0 2739,2538,2752,2553,0 2762,2511,2795,2565,0 2863,2482,2898,2506,0 2462,2530,2494,2552,0 2377,2454,2410,2484,0 2109,2500,2187,2547,0 2180,2473,2237,2509,0 2139,2563,2195,2596,0 2022,2602,2063,2639,0 2226,2548,2269,2594,1 2185,2523,2207,2549,0 1214,831,1285,945,0 1315,887,1399,939,0 1142,1292,1207,1318,0 1206,1232,1230,1265,0 1077,1155,1131,1208,0 2451,1023,2502,1064,1 2415,1071,2449,1103,0 2497,1041,2542,1079,0 2519,1101,2546,1128,0 2494,987,2564,1037,0 2483,988,2512,1016,0 2630,624,2675,677,0 2649,671,2698,751,0 2688,593,2773,666,0 2702,708,2744,742,0 2781,663,2821,701,0 2750,691,2787,717,0 2736,670,2776,696,1 2908,300,3158,352,0 2986,435,3052,460,0 3015,368,3038,420,0 2995,215,3096,283,0 3417,207,3436,240,0 3390,267,3468,435,0 3474,386,3520,471,0 3435,206,3519,236,0 3131,2,3193,159,0 3217,55,3283,103,1 3256,131,3299,156,0 3286,167,3312,204,0 3175,467,3209,492,0 3133,392,3164,410,0 3116,416,3134,456,1 3108,474,3135,498,0 3182,542,3214,570,0
D:\Python\DL\faster-rcnn-pytorch-master\VOCdevkit/VOC2007/JPEGImages/b26_0_0.jpg 11,425,58,473,0 52,549,125,605,0 29,464,110,528,0 2430,531,2465,579,0 2510,610,2529,676,0 2556,692,2588,709,0 2221,701,2267,737,0 2152,699,2206,766,0 2288,727,2338,772,0 2252,681,2327,729,0 2633,507,2672,598,1 2651,406,2675,439,0 2692,573,2732,591,0 2676,503,2736,541,0 3330,786,3404,838,0 3171,714,3215,778,0 3233,776,3253,797,0 3269,749,3323,791,0 3259,725,3290,754,0 3324,567,3373,608,0 3632,446,3713,519,0 3519,432,3596,523,0 3333,306,3415,365,1 3436,582,3467,603,0 3391,578,3423,609,0 3558,414,3613,490,0 3696,517,3762,563,0 3794,548,3855,593,0 3795,600,3838,701,0 3867,532,3912,597,0 3525,357,3560,371,0
D:\Python\DL\faster-rcnn-pytorch-master\VOCdevkit/VOC2007/JPEGImages/b26_1_0.jpg 2869,135,2943,183,0 2931,166,3001,262,0 3236,323,3323,388,1 3230,473,3299,501,2 3303,400,3333,442,2 3322,364,3362,440,2 3447,404,3495,497,1 3415,319,3487,362,0 3368,122,3407,150,0 3323,251,3373,298,0 3414,287,3441,308,0 3414,66,3441,154,0 3701,788,3736,819,0 3692,808,3761,867,0 3658,827,3707,869,1 3759,893,3818,974,1 3694,896,3720,923,1 4015,749,4072,772,0 4024,661,4047,683,0
